
0
0
0
0
0
0
0
0
4
8
0
190
239
140
31
0
0
0
0
0
0
0
0
0
0
0
0
0
4
8
0
0
0
0
0
0
0
0
4
8
0
0
0
0
0
0
0
0
4
8
0
0
0
0
0
0
0
0
4
8
4
12
14
9
8
7
17
10
14
8
4
12
14
9
8
7
17
10
14
8
4
12
14
9
8
7
17
10
14
8
4
12
14
9
8
7
17
10
14
8
0
17
66
62
45
58
59
53
53
44
0
17
66
62
45
58
59
53
53
44
39
69
66
62
45
58
59
53
0
0
39
69
66
62
45
58
59
53
0
0
39
242
239
140
148
162
191
325
209
244
39
242
239
140
148
162
191
325
209
76
39
69
66
62
45
58
59
53
0
0
39
242
239
140
148
162
191
325
209
76
39
242
239
140
148
162
191
325
209
244
39
242
239
140
148
162
191
325
209
244
39
242
239
140
148
162
191
325
209
244
39
242
239
140
148
162
191
325
209
244
39
242
239
140
148
162
191
325
209
244
39
69
66
62
45
58
59
53
0
0
39
69
66
62
45
58
59
53
0
0
0
0
0
25
45
58
59
53
53
44